              precision    recall  f1-score   support

           0       0.06      1.00      0.11         3
           3       0.00      0.00      0.00         1
           4       0.00      0.00      0.00         1
           5       0.00      0.00      0.00         1
           8       0.00      0.00      0.00         4
           9       0.00      0.00      0.00         1
          12       0.00      0.00      0.00         2
          13       0.00      0.00      0.00         1
          15       0.00      0.00      0.00         1
          16       0.00      0.00      0.00         4
          18       0.00      0.00      0.00         3
          19       0.00      0.00      0.00         1
          23       0.00      0.00      0.00         1
          24       0.00      0.00      0.00         1
          25       0.00      0.00      0.00         1
          26       0.00      0.00      0.00         1
          27       0.00      0.00      0.00         1
          29       0.00      0.00      0.00         2
          30       0.00      0.00      0.00         1
          31       0.00      0.00      0.00         1
          34       0.00      0.00      0.00         1
          35       0.00      0.00      0.00         1
          37       0.00      0.00      0.00         1
          38       0.00      0.00      0.00         1
          39       0.00      0.00      0.00         2
          40       0.00      0.00      0.00         1
          41       0.00      0.00      0.00         2
          42       0.00      0.00      0.00         2
          43       0.00      0.00      0.00         1
          44       0.00      0.00      0.00         1
          45       0.00      0.00      0.00         1
          47       0.00      0.00      0.00         1
          48       0.00      0.00      0.00         2
          49       0.00      0.00      0.00         1

    accuracy                           0.06        50
   macro avg       0.00      0.03      0.00        50
weighted avg       0.00      0.06      0.01        50

Accuracy: 0.06