              precision    recall  f1-score   support

           0       0.68      0.80      0.74        66
           1       0.31      0.40      0.35        52
           2       0.17      0.21      0.18        39
           3       0.29      0.20      0.24        20
           4       0.24      0.27      0.25        37
           5       0.14      0.11      0.12        19
           6       0.19      0.36      0.25        11
           7       0.11      0.13      0.12        15
           8       0.28      0.36      0.31        14
           9       0.15      0.12      0.13        26
          10       0.37      0.46      0.41       141
          11       0.12      0.17      0.14        18
          12       0.25      0.14      0.18        14
          13       0.18      0.33      0.23        18
          14       0.00      0.00      0.00         7
          15       0.37      0.25      0.30        59
          16       0.48      0.67      0.56        24
          17       0.00      0.00      0.00         9
          18       0.35      0.25      0.29        24
          19       0.14      0.17      0.15        12
          20       0.06      0.04      0.05        24
          21       0.00      0.00      0.00        17
          22       0.52      0.37      0.43        38
          23       0.17      0.21      0.19        14
          24       0.41      0.25      0.31        28
          25       0.57      0.80      0.67         5
          26       0.12      0.12      0.12        17
          27       0.40      0.48      0.43        21
          28       0.14      0.12      0.12        26
          29       0.10      0.07      0.08        29
          30       0.65      0.62      0.64        48
          31       0.40      0.40      0.40        10
          32       0.31      0.31      0.31        35
          33       0.26      0.30      0.28        88
          34       0.00      0.00      0.00        10
          35       0.35      0.44      0.39        63
          36       0.28      0.13      0.18        38
          37       0.06      0.03      0.04        29
          38       0.27      0.22      0.24        68
          39       0.20      0.11      0.14        27
          40       0.06      0.06      0.06        17
          41       0.11      0.14      0.12        22
          42       0.31      0.32      0.32        53
          43       0.22      0.21      0.21        39
          44       0.42      0.61      0.50        28
          45       0.26      0.15      0.19        33
          46       0.30      0.27      0.29        51
          47       0.10      0.06      0.07        18
          48       0.31      0.33      0.32       176
          49       0.12      0.07      0.09        14

    accuracy                           0.30      1711
   macro avg       0.25      0.25      0.24      1711
weighted avg       0.30      0.30      0.29      1711

Accuracy: 0.304500292226768