              precision    recall  f1-score   support

           0       1.00      0.02      0.03        66
           1       0.00      0.00      0.00        52
           2       0.00      0.00      0.00        39
           3       0.00      0.00      0.00        20
           4       0.00      0.00      0.00        37
           5       0.00      0.00      0.00        19
           6       1.00      0.18      0.31        11
           7       0.00      0.00      0.00        15
           8       0.00      0.00      0.00        14
           9       0.00      0.00      0.00        26
          10       0.00      0.00      0.00       141
          11       0.00      0.00      0.00        18
          12       0.00      0.00      0.00        14
          13       0.00      0.00      0.00        18
          14       0.00      0.00      0.00         7
          15       0.00      0.00      0.00        59
          16       0.00      0.00      0.00        24
          17       0.00      0.00      0.00         9
          18       0.00      0.00      0.00        24
          19       0.00      0.00      0.00        12
          20       0.00      0.00      0.00        24
          21       0.00      0.00      0.00        17
          22       0.00      0.00      0.00        38
          23       0.00      0.00      0.00        14
          24       0.00      0.00      0.00        28
          25       0.00      0.00      0.00         5
          26       0.00      0.00      0.00        17
          27       0.00      0.00      0.00        21
          28       0.00      0.00      0.00        26
          29       0.00      0.00      0.00        29
          30       1.00      0.02      0.04        48
          31       0.00      0.00      0.00        10
          32       0.00      0.00      0.00        35
          33       0.00      0.00      0.00        88
          34       0.00      0.00      0.00        10
          35       0.00      0.00      0.00        63
          36       0.00      0.00      0.00        38
          37       0.00      0.00      0.00        29
          38       0.00      0.00      0.00        68
          39       0.00      0.00      0.00        27
          40       0.00      0.00      0.00        17
          41       0.00      0.00      0.00        22
          42       0.00      0.00      0.00        53
          43       0.00      0.00      0.00        39
          44       0.00      0.00      0.00        28
          45       0.00      0.00      0.00        33
          46       0.00      0.00      0.00        51
          47       0.00      0.00      0.00        18
          48       0.10      0.99      0.19       176
          49       0.00      0.00      0.00        14

    accuracy                           0.10      1711
   macro avg       0.06      0.02      0.01      1711
weighted avg       0.08      0.10      0.02      1711

Accuracy: 0.10461718293395675