              precision    recall  f1-score   support

           0       0.81      0.83      0.82        66
           1       0.49      0.69      0.58        52
           2       0.33      0.15      0.21        39
           3       0.29      0.10      0.15        20
           4       0.40      0.54      0.46        37
           5       0.50      0.32      0.39        19
           6       0.67      0.36      0.47        11
           7       0.29      0.13      0.18        15
           8       0.50      0.50      0.50        14
           9       0.42      0.42      0.42        26
          10       0.39      0.62      0.48       141
          11       0.43      0.50      0.46        18
          12       0.18      0.14      0.16        14
          13       0.44      0.39      0.41        18
          14       0.00      0.00      0.00         7
          15       0.56      0.31      0.40        59
          16       0.62      0.75      0.68        24
          17       0.67      0.44      0.53         9
          18       0.63      0.71      0.67        24
          19       0.50      0.08      0.14        12
          20       0.67      0.42      0.51        24
          21       0.40      0.12      0.18        17
          22       0.55      0.47      0.51        38
          23       0.64      0.50      0.56        14
          24       0.43      0.36      0.39        28
          25       1.00      0.40      0.57         5
          26       0.44      0.24      0.31        17
          27       0.38      0.24      0.29        21
          28       0.50      0.19      0.28        26
          29       0.37      0.34      0.36        29
          30       0.80      0.90      0.84        48
          31       0.75      0.60      0.67        10
          32       0.46      0.49      0.47        35
          33       0.38      0.43      0.41        88
          34       0.00      0.00      0.00        10
          35       0.48      0.57      0.52        63
          36       0.21      0.08      0.12        38
          37       0.48      0.38      0.42        29
          38       0.44      0.40      0.42        68
          39       0.76      0.59      0.67        27
          40       0.57      0.24      0.33        17
          41       0.27      0.18      0.22        22
          42       0.48      0.60      0.54        53
          43       0.65      0.51      0.57        39
          44       0.70      0.82      0.75        28
          45       0.30      0.18      0.23        33
          46       0.32      0.43      0.37        51
          47       0.25      0.17      0.20        18
          48       0.47      0.69      0.56       176
          49       0.00      0.00      0.00        14

    accuracy                           0.48      1711
   macro avg       0.47      0.39      0.41      1711
weighted avg       0.47      0.48      0.46      1711

Accuracy: 0.47808299240210406