              precision    recall  f1-score   support

           0       0.34      0.89      0.49        65
           1       0.00      0.00      0.00        51
           2       0.00      0.00      0.00        38
           3       0.00      0.00      0.00        19
           4       0.03      0.08      0.04        36
           5       0.00      0.00      0.00        18
           6       0.38      0.30      0.33        10
           7       0.00      0.00      0.00        14
           8       0.00      0.00      0.00        13
           9       0.00      0.00      0.00        25
          10       0.05      0.01      0.02       140
          11       0.00      0.00      0.00        17
          12       0.00      0.00      0.00        13
          13       0.00      0.00      0.00        17
          14       0.00      0.00      0.00         6
          15       0.00      0.00      0.00        58
          16       0.57      0.17      0.27        23
          17       0.00      0.00      0.00         8
          18       0.00      0.00      0.00        23
          19       0.00      0.00      0.00        11
          20       0.00      0.00      0.00        23
          21       0.00      0.00      0.00        16
          22       0.00      0.00      0.00        37
          23       0.00      0.00      0.00        13
          24       0.00      0.00      0.00        27
          25       0.00      0.00      0.00         4
          26       0.00      0.00      0.00        16
          27       0.00      0.00      0.00        20
          28       0.00      0.00      0.00        25
          29       0.00      0.00      0.00        28
          30       0.19      0.19      0.19        47
          31       0.00      0.00      0.00         9
          32       0.00      0.00      0.00        34
          33       0.00      0.00      0.00        87
          34       0.00      0.00      0.00         9
          35       0.00      0.00      0.00        62
          36       0.00      0.00      0.00        37
          37       0.00      0.00      0.00        28
          38       0.00      0.00      0.00        67
          39       0.00      0.00      0.00        26
          40       0.00      0.00      0.00        16
          41       0.00      0.00      0.00        21
          42       0.17      0.17      0.17        52
          43       0.00      0.00      0.00        38
          44       0.00      0.00      0.00        27
          45       0.02      0.59      0.04        32
          46       0.00      0.00      0.00        50
          47       0.00      0.00      0.00        17
          48       0.00      0.00      0.00       175
          49       0.00      0.00      0.00        13

    accuracy                           0.06      1661
   macro avg       0.03      0.05      0.03      1661
weighted avg       0.04      0.06      0.04      1661

Accuracy: 0.06441902468392535