              precision    recall  f1-score   support

           0       0.69      0.69      0.69        65
           1       0.40      0.04      0.07        51
           2       0.00      0.00      0.00        38
           3       0.16      0.37      0.22        19
           4       0.20      0.11      0.14        36
           5       0.04      0.22      0.06        18
           6       0.13      0.90      0.23        10
           7       0.18      0.14      0.16        14
           8       0.15      0.38      0.22        13
           9       0.05      0.16      0.07        25
          10       0.06      0.01      0.02       140
          11       0.07      0.47      0.12        17
          12       0.00      0.00      0.00        13
          13       0.31      0.24      0.27        17
          14       0.00      0.00      0.00         6
          15       0.33      0.09      0.14        58
          16       0.52      0.57      0.54        23
          17       0.11      1.00      0.21         8
          18       0.33      0.13      0.19        23
          19       0.00      0.00      0.00        11
          20       0.40      0.09      0.14        23
          21       0.00      0.00      0.00        16
          22       0.21      0.57      0.30        37
          23       0.12      0.54      0.19        13
          24       0.03      0.07      0.04        27
          25       0.12      1.00      0.22         4
          26       0.02      0.12      0.04        16
          27       0.11      0.10      0.11        20
          28       0.00      0.00      0.00        25
          29       0.00      0.00      0.00        28
          30       0.76      0.28      0.41        47
          31       0.05      0.56      0.09         9
          32       0.04      0.03      0.04        34
          33       0.00      0.00      0.00        87
          34       0.00      0.00      0.00         9
          35       0.00      0.00      0.00        62
          36       0.00      0.00      0.00        37
          37       0.00      0.00      0.00        28
          38       0.09      0.10      0.10        67
          39       1.00      0.08      0.14        26
          40       0.25      0.06      0.10        16
          41       0.10      0.29      0.14        21
          42       0.40      0.04      0.07        52
          43       0.76      0.58      0.66        38
          44       0.24      0.37      0.29        27
          45       1.00      0.06      0.12        32
          46       0.33      0.26      0.29        50
          47       0.09      0.24      0.12        17
          48       0.00      0.00      0.00       175
          49       0.00      0.00      0.00        13

    accuracy                           0.15      1661
   macro avg       0.20      0.22      0.14      1661
weighted avg       0.21      0.15      0.13      1661

Accuracy: 0.152317880794702