              precision    recall  f1-score   support

           0       0.84      0.89      0.87        66
           1       0.46      0.50      0.48        52
           2       0.38      0.44      0.40        39
           3       0.31      0.25      0.28        20
           4       0.47      0.59      0.52        37
           5       0.14      0.05      0.08        19
           6       0.50      0.36      0.42        11
           7       0.60      0.20      0.30        15
           8       0.29      0.43      0.34        14
           9       0.42      0.38      0.40        26
          10       0.46      0.71      0.56       141
          11       0.29      0.22      0.25        18
          12       0.25      0.07      0.11        14
          13       0.50      0.56      0.53        18
          14       0.00      0.00      0.00         7
          15       0.49      0.31      0.38        59
          16       0.58      0.62      0.60        24
          17       0.50      0.33      0.40         9
          18       0.67      0.58      0.62        24
          19       0.20      0.08      0.12        12
          20       0.47      0.33      0.39        24
          21       0.33      0.18      0.23        17
          22       0.61      0.53      0.56        38
          23       0.64      0.50      0.56        14
          24       0.32      0.36      0.34        28
          25       1.00      1.00      1.00         5
          26       0.43      0.18      0.25        17
          27       0.50      0.33      0.40        21
          28       0.75      0.23      0.35        26
          29       0.45      0.34      0.39        29
          30       0.80      0.73      0.76        48
          31       0.70      0.70      0.70        10
          32       0.34      0.40      0.37        35
          33       0.35      0.51      0.42        88
          34       0.00      0.00      0.00        10
          35       0.52      0.63      0.57        63
          36       0.21      0.18      0.20        38
          37       0.44      0.24      0.31        29
          38       0.49      0.51      0.50        68
          39       0.87      0.48      0.62        27
          40       0.75      0.35      0.48        17
          41       0.56      0.45      0.50        22
          42       0.56      0.66      0.60        53
          43       0.57      0.62      0.59        39
          44       0.62      0.57      0.59        28
          45       0.36      0.27      0.31        33
          46       0.38      0.35      0.36        51
          47       0.29      0.11      0.16        18
          48       0.54      0.69      0.60       176
          49       0.33      0.07      0.12        14

    accuracy                           0.49      1711
   macro avg       0.47      0.40      0.42      1711
weighted avg       0.49      0.49      0.48      1711

Accuracy: 0.49269433080070135