              precision    recall  f1-score   support

           0       0.68      0.79      0.73        66
           1       0.36      0.44      0.40        52
           2       0.21      0.23      0.22        39
           3       0.17      0.20      0.19        20
           4       0.41      0.43      0.42        37
           5       0.00      0.00      0.00        19
           6       0.12      0.36      0.19        11
           7       0.19      0.33      0.24        15
           8       0.32      0.43      0.36        14
           9       0.12      0.12      0.12        26
          10       0.41      0.42      0.41       141
          11       0.09      0.11      0.10        18
          12       0.00      0.00      0.00        14
          13       0.43      0.33      0.38        18
          14       0.00      0.00      0.00         7
          15       0.36      0.27      0.31        59
          16       0.48      0.50      0.49        24
          17       0.14      0.33      0.20         9
          18       0.44      0.33      0.38        24
          19       0.20      0.42      0.27        12
          20       0.10      0.08      0.09        24
          21       0.20      0.18      0.19        17
          22       0.36      0.26      0.30        38
          23       0.25      0.21      0.23        14
          24       0.33      0.25      0.29        28
          25       0.56      1.00      0.71         5
          26       0.21      0.18      0.19        17
          27       0.31      0.19      0.24        21
          28       0.11      0.08      0.09        26
          29       0.11      0.14      0.12        29
          30       0.60      0.60      0.60        48
          31       0.14      0.20      0.17        10
          32       0.33      0.31      0.32        35
          33       0.25      0.33      0.28        88
          34       0.00      0.00      0.00        10
          35       0.37      0.48      0.42        63
          36       0.18      0.11      0.13        38
          37       0.13      0.07      0.09        29
          38       0.29      0.31      0.30        68
          39       0.42      0.37      0.39        27
          40       0.43      0.18      0.25        17
          41       0.16      0.14      0.15        22
          42       0.37      0.43      0.40        53
          43       0.53      0.46      0.49        39
          44       0.58      0.54      0.56        28
          45       0.29      0.12      0.17        33
          46       0.29      0.29      0.29        51
          47       0.20      0.06      0.09        18
          48       0.39      0.36      0.38       176
          49       0.00      0.00      0.00        14

    accuracy                           0.33      1711
   macro avg       0.27      0.28      0.27      1711
weighted avg       0.33      0.33      0.32      1711

Accuracy: 0.3272939801285798